[0.77845804969740018, 0.85668934224143856, 0.88049886653753096, 0.89365079370485678, 0.90385487563485734, 0.91020408168671618, 0.91904761883136632, 0.90748299352165795, 0.91859410409213738, 0.91065759669626112]

[0.84557823161689605, 0.90385487509422557, 0.90136054456909764, 0.93424036289288614, 0.94104308368397405, 0.94807256216905555, 0.94716553293388173, 0.95079365082068235, 0.95147392319984181, 0.94988662139628754]

[0.70544217704645362, 0.79569160984216636, 0.848526077205632, 0.87959183681578867, 0.88594104289467912, 0.89614512477061647, 0.87641723364118551, 0.91678004564882132, 0.91065759669626112, 0.92086167832891419, 0.93696145157154453, 0.93469387790243097, 0.92766439920109689, 0.93401360555030322, 0.93174603209744233]

[0.69070294768361551, 0.79410430844408586, 0.853741496625671, 0.89160997713504198, 0.9113378687510415, 0.90861677982909883, 0.92040816329233766, 0.92131519301408005, 0.92947845832020248, 0.9233560090973264, 0.93333333309004907, 0.93174603204337914, 0.94126984154015714, 0.93832199549188422, 0.93832199551891582]

[0.69387755104743976, 0.81519274338573011, 0.87369614490846392, 0.8920634921445868, 0.90430838980642303, 0.90884353722574485, 0.91133786829150454, 0.92494331071165958, 0.9297052157438801, 0.93650793629168383]

[0.74897959201244002, 0.85079365084771397, 0.86757369592887201, 0.89387755137181879, 0.90634920610592207, 0.89863945559309188, 0.91201814040034812, 0.92562358257721877, 0.93310657577449774, 0.93718820869787478]

[0.79410430852518055, 0.86530612231382165, 0.8746031746572378, 0.89387755112853451, 0.91541950121488158, 0.91156462620175072, 0.91950113359762697, 0.92857142865252329, 0.92834467095852979, 0.929478458158013]

[0.52086167797412464, 0.77800453509332912, 0.84399092932677322, 0.89705215411391659, 0.91179138305776519, 0.91927437676864421, 0.92585034048746506, 0.9362811789491009, 0.93764172370741972, 0.95192743799313395]

[0.46553287978480462, 0.76485260803412958, 0.86848072567764589, 0.89501133792254395, 0.91496598669190521, 0.88321995475665238, 0.93492063470438225, 0.93764172338304064, 0.93560090738088908, 0.9453514741932183]

[0.7464852606358171, 0.84603174589658814, 0.86916099740804731, 0.88979591874578912, 0.90022675723445655, 0.91337868518569842, 0.9079365083149501, 0.9174603176495385, 0.92154195024853658, 0.92834467103962459]

[0.78911564663694556, 0.869387755156104, 0.89954648531483417, 0.90975056719077152, 0.9197278909672415, 0.92925170097761955, 0.93106575993453566, 0.93197278914267789, 0.92766439914703369, 0.93854875264524606]

[0.76893424071422245, 0.85260770958837739, 0.87482993175653645, 0.8979591834301851, 0.90453514744635344, 0.91587301617036332, 0.91609977329669356, 0.9235827667372567, 0.9278911567869641, 0.92448979594539893]

# v2 (batch size: 128, epochs: 20)
 
[0.77664399130814743, 0.86235827650883301, 0.89183673507231975, 0.90702947853914462, 0.91791383230767287, 0.92335600885404212, 0.9242630386568792, 0.94671201822168427, 0.93151927443048044, 0.93990929743059637, 0.94399093002959444, 0.94535147400399722, 0.94603174638315668, 0.94512471687766697, 0.95442176876154616, 0.94693877583458308, 0.94920634928744396, 0.94829931953867008, 0.95351473931011965, 0.9528344669850235]

[0.76099773275068283, 0.84739229054678056, 0.88548752839873435, 0.89092970505322999, 0.90680272116953009, 0.91133786831853614, 0.91768707515431103, 0.9188208614347203, 0.92993197287021045, 0.93219954683667139, 0.93560090678619423, 0.92879818572479045, 0.93378684788334121, 0.92811791391329435, 0.93877550998782899, 0.93718820894115906, 0.93582766423690344, 0.93832199578923159, 0.94149659896383475, 0.94036281187247794]

[0.67210885010609012, 0.78095238022252811, 0.83015872913152988, 0.86099773685948378, 0.87505668563907646, 0.88571428684961229, 0.89591837537531949, 0.9031746042828982, 0.90408164181676853, 0.90929704945103651, 0.91179138422012329, 0.90907029878525503, 0.91224490704179617, 0.92585034110919151, 0.9222222290882448, 0.92176871478152111, 0.93129251765556076, 0.93129252576503629, 0.92607709218044665, 0.93106576293504162]

# v3 (second connected layer, batch size: 128, epoch: 20)

[0.65283446679580237, 0.77414965997207197, 0.82834467098556142, 0.85714285722395189, 0.87687074838041446, 0.87959183678875708, 0.89795918375456418, 0.89569160981513474, 0.90272108824615305, 0.91587301568379476, 0.9206349204186679, 0.91904761939902968, 0.92040816361671673, 0.92222222200596959, 0.92154195024853658, 0.92063492101336286, 0.92607709734347943, 0.93514739234431266, 0.93038548782569208, 0.92380952359327118]


# x2
[0.79206349601010351, 0.86371882378108922, 0.87732426622827575, 0.8993197344328, 0.90816326882022846, 0.91224490460895358, 0.92607710150634348, 0.92902494612194242, 0.93287982448698981, 0.93151928021523955, 0.92040816848240203, 0.93151928021523955, 0.93197279181880477, 0.92811791588659998, 0.93287982137835757, 0.93650793853530534, 0.93945578558374698, 0.93265306530625913, 0.93151928075587132, 0.93764172403179868]

# grayscale
[0.77301586944770384, 0.8487528336832042, 0.8800453524065126, 0.90453515152812269, 0.9124716595997886, 0.91337868956481516, 0.91927437974211845, 0.9292517016534092, 0.93083900388946883, 0.93333333838823973, 0.93219955086437756, 0.9324263043684754, 0.94058957743266269, 0.93514739291197591, 0.93401360822643009, 0.94149660631642595, 0.93537415479586505, 0.94104308748191179, 0.94535147265241803, 0.94625850802376155]
[0.7287981842650848, 0.82630385495637815, 0.86825396887569473, 0.87845805321150627, 0.90045352317308347, 0.90136055016463579, 0.91768707764121682, 0.917687078992796, 0.92199547274583049, 0.92721089267946966, 0.92675737458832408, 0.93356009594707534, 0.9247165588564884, 0.92131519750132307, 0.92675737458832408, 0.9344671272636812, 0.9385487533210356, 0.94149660307263572, 0.94444444849918219, 0.94081632863907583]

# second layers: reduce to 3x3 filter

First test:

[0.79546485574337356, 0.87414966499994673, 0.89682539763634439, 0.91632654012736281, 0.91904762596770484, 0.91179138895065071, 0.92970521893360714, 0.92902494544615277, 0.94058957418887257, 0.93492063616408783, 0.9376417287623261, 0.94058957270213539, 0.93809524279873391, 0.94285715004754445, 0.94829932443138698, 0.94081632890939171, 0.94603175262745276, 0.94512471860768843, 0.94195011873093859, 0.95192744266959817]

(93.4)
Second test:

[0.82494331000883836, 0.87732426514701234, 0.89047619599063377, 0.90770975437834689, 0.91927438014759233, 0.92131519614974389, 0.93333333473897573, 0.93015873161843576, 0.92494331465827095, 0.93877551452913521, 0.9281179143998628, 0.93333333473897573, 0.9401360547461477, 0.93129251630398147, 0.92834467601343618, 0.93741496890580578, 0.94421768891297775, 0.93265306436015361, 0.93650794299551687, 0.94648526855607151]

(92.5)

Third test:

[0.80884354265909342, 0.87460317322456382, 0.91224489852684698, 0.91972789026442026, 0.92811791007480926, 0.931292524413457, 0.93673469717540436, 0.94489795969727364, 0.93650794502288581, 0.93968254381837213, 0.94512471847253055, 0.94625850667218236, 0.9476190498626692, 0.94308391057985441, 0.95283447520262532, 0.95192743996643969, 0.93945578247511463, 0.95034013854132759, 0.94897959251252428, 0.95147392795740071]

(93.5)

third test extension:

[0.9492063523690446, 0.9519274398312817, 0.95283447128304544, 0.94716553798878811, 0.95283447114788755, 0.95306122938251281, 0.95283446857988696, 0.95283447128304544, 0.9546485285099402, 0.95260771358905194, 0.94875283968421609, 0.95714286381965863, 0.95328798640071666, 0.95941043400169768, 0.95102040986625513, 0.95215419941748625, 0.95600907264653245, 0.95306122573324881, 0.95056689893847957, 0.94897959426957734]

(93.8)

third test extension extension:

[0.95396825975301314, 0.95328798423818994, 0.94807256565612996, 0.95170068673265762, 0.95124717377751322, 0.95646258830483544, 0.96643991792012773, 0.95306123005830246, 0.95510204241119001, 0.95646258925094085, 0.95895692374971175, 0.95873016456898108, 0.95600907264653245, 0.95419501636574333, 0.95986395249831702, 0.95487528931256593, 0.95986394844357925, 0.95419501271647933, 0.95804989662300166, 0.95850340268509193]

(94.2)

fourth test: (3x3, 60 epochs)


[0.81405895718641563, 0.86689342527973412, 0.89478458622956225, 0.90385487777035256, 0.90589569079902976, 0.9215419573578435, 0.91859411030940186, 0.92426304049502694, 0.9249433116847966, 0.92539682734309947, 0.93401360890221974, 0.94081632728749665, 0.93990930164752362, 0.93424036470400229, 0.94195011710904353, 0.93718821040086464, 0.93764172605916751, 0.94308390449774782, 0.9331065762340347, 0.94376417595783324, 0.9487528371162155, 0.94172335752283909, 0.94557823588788648, 0.94535147332820768, 0.94671202300627488, 0.93877551317755592, 0.94149659901789795, 0.93219954991827203, 0.94444444714760289, 0.94739229149288606, 0.93990929732247008, 0.94920635304483425, 0.95034014124448607, 0.94489796145432658, 0.93764172605916751, 0.94308390449774782, 0.95170068443497291, 0.94807256862960432, 0.94943310749503762, 0.95238095454347915, 0.94761905026814297, 0.94988662585649897, 0.94557823048156942, 0.94603174478829311, 0.94897959589147241, 0.94648526693417645, 0.94852607888159024, 0.94399093824719627, 0.9473922958179396, 0.94965986437808358, 0.947845808773084, 0.95351474436502603, 0.94693877880805744, 0.94897959453989322, 0.93900227168249706, 0.95260771439999947, 0.94580499168966903, 0.947845808773084, 0.94671202300627488, 0.94557823683399189]
[0.94512472022958349, 0.94875283603495209, 0.95034013340532641, 0.94897959318831393, 0.94353741718257633, 0.94965986708124206, 0.94580499304124832, 0.94444444876949807, 0.94308390314616852, 0.95102041162330819, 0.94988662828934167, 0.94829932307980769, 0.95283446614704437, 0.95079365717310482, 0.96077098138208017, 0.94829932307980769, 0.94807256862960432, 0.95238095589505845, 0.95056690001974298, 0.94943311425293386, 0.95215419739011731, 0.95804989419015896, 0.95532880402476339, 0.94875284008968985, 0.95578231725022367, 0.95170068713813138, 0.95147392593003188, 0.95442177027531494, 0.95079365582152564, 0.94716553731299857, 0.95192744293991405, 0.95555556009686182, 0.95578231725022367, 0.95102041162330819, 0.95124717012824922, 0.95170068038023514, 0.9553288002403415, 0.95736961597217729, 0.95034013746006418, 0.96099773826512624, 0.95510204443855895, 0.95873015889234825, 0.95260771548126288, 0.95351474301344685, 0.95464853013183526, 0.94693877745647814, 0.95170068848971068, 0.94489796577938023, 0.95510204443855895, 0.95782313027890087, 0.95147392728161106, 0.95759637312553902, 0.94693877610489896, 0.95442177297847341, 0.9541950131219531, 0.95623583426010583, 0.94965986735155794, 0.95736962245975765, 0.96485261419733093, 0.95011338300986081]
[0.95124717012824922, 0.95238095454347915, 0.95102041297488737, 0.95102041567804596, 0.95668934451209175, 0.94648526720449222, 0.95170068443497291, 0.94535147873452463, 0.95668934586367094, 0.95555556144844112, 0.95510204579013813, 0.960317464372198, 0.95895691604571009, 0.95351474301344685, 0.95646258735872991, 0.95351474706818462, 0.9521541987416966, 0.95759637718027679, 0.95782313298205946, 0.95736961867533577, 0.95328798586008501, 0.95873016294708602, 0.95532880429507927, 0.95714285990007886, 0.95238095724663763, 0.96031746302061882, 0.96031746977851506, 0.95034013610848489, 0.95215419739011731, 0.95419501582511157, 0.94875283603495209, 0.95192744158833476, 0.95736961597217729, 0.95419501582511157, 0.94625850599639272, 0.95283447155336132, 0.9564625887103092, 0.95532880294349998, 0.95646259006188838, 0.95600907440358551, 0.95714286395481651, 0.95623583155694736, 0.95918367590223041, 0.95850340849688265, 0.9521541987416966, 0.95306123140988164, 0.9585034030905657, 0.95895691739728928, 0.95804989013542119, 0.94920635034167578, 0.95986394736231595, 0.96077097867892169, 0.95374150124807211, 0.96167800864394826, 0.95600907710674399, 0.96054422152555985, 0.95827664593720385, 0.9630385542672778, 0.95850340552340829, 0.95668934586367094]
[0.96122449298564538, 0.9600907031640985, 0.95510204443855895, 0.96145125149058652, 0.96054422152555985, 0.95351474166186756, 0.95442177162689412, 0.96258503860897493, 0.96439909583586958, 0.95714286152197392, 0.95623582993505218, 0.95238095589505845, 0.95623583155694736, 0.95759637312553902, 0.95442177297847341, 0.96213152565383042, 0.95510204443855895, 0.96598639861256086, 0.951473925659716, 0.95192743996643969, 0.95215419333537965, 0.957369614620598, 0.95442177027531494, 0.960317464372198, 0.95238095967948033, 0.95351474571660533, 0.96099773853544201, 0.95804989013542119, 0.95351474166186756, 0.952607711696841, 0.95238095589505845, 0.96009070857041545, 0.96077098003050099, 0.95782313298205946, 0.95714285881881545, 0.95419501717669086, 0.95328798586008501, 0.95804989283857978, 0.95328798450850571, 0.95850340714530335, 0.95646258735872991, 0.95396825569827537, 0.95782313163048016, 0.95736962137849424, 0.9600907055969411, 0.95578231589864437, 0.95328798315692653, 0.95759637718027679, 0.96190476823015281, 0.95578231589864437, 0.95600907575516469, 0.95351474031028838, 0.95623583561168501, 0.95374150395123058, 0.95600907413326963, 0.9591836772538096, 0.95850340444214488, 0.95873016267677014, 0.96054422287713914, 0.95963719426369176]

93.5

[0.8204081642384432, 0.88185941186351302, 0.89274376468593575, 0.91179138584201835, 0.91496599382824373, 0.9229024973045401, 0.92857143181521873, 0.92811791588659998, 0.93015873553801554, 0.93582767126511557, 0.94149660307263572, 0.93265306706331219, 0.93219955235111474, 0.9424036316860831, 0.94331066408395225, 0.93741496593233142, 0.93968254003395024, 0.94897959007968169, 0.9405895749998201, 0.9399092982685755, 0.94943310952240645, 0.94081632863907583, 0.95374149435501787, 0.94716553258247116, 0.9453514779235771, 0.94467120376033309, 0.94988662288302472, 0.94580499006777397, 0.94648526679901845, 0.94965986708124206, 0.95079365271289329, 0.95238095548958468, 0.95487528796098675, 0.94943311046851198, 0.94693878124090014, 0.95192744212896641, 0.94965986694608417, 0.95306122627388057, 0.94852608117927495, 0.94988662653228861, 0.95510204511434849, 0.94965986789218959, 0.95442177365426306, 0.94920635176083401, 0.94920635669409825, 0.95170068240760408, 0.95192744266959817, 0.95034014110932818, 0.95306123113956576, 0.95328798788745384, 0.95419501690637498, 0.95034013948743301, 0.95464853013183526, 0.95079365284805128, 0.94829932267433392, 0.9519274422641244, 0.9532879882929276, 0.95124717080403887, 0.95328798545461124, 0.95306122559809092]

# retest v2: (first 60 batches)

[0.71995464636355033, 0.82675737399362925, 0.85918368071385254, 0.8834467147753623, 0.90453515328517575, 0.90158730853441893, 0.9172335660376516, 0.92539682896499464, 0.91836734910130235, 0.92063492604123764, 0.93560091032733184, 0.9301587359434893, 0.92698413282294934, 0.93537415317396999, 0.94580499304124832, 0.93514739696671367, 0.93356009567675946, 0.94353742285920916, 0.94172335725252321, 0.93945578707048416, 0.94603175289776864, 0.94081632985549724, 0.93605442571531894, 0.94807256322328737, 0.94399093446277438, 0.94557823696914989, 0.94535147968063005, 0.94625850302291836, 0.94625850329323424, 0.94376417568751747, 0.94195012008251788, 0.93945578734079993, 0.94875284008968985, 0.94784581147624247, 0.9428571446412275, 0.94263039019102413, 0.94353742150762998, 0.94489796145432658, 0.94512471847253055, 0.94739229689920301, 0.94512471860768843, 0.94875283873811056, 0.95419501690637498, 0.94807256565612996, 0.94580499141935315, 0.95011338436144011, 0.94580499168966903, 0.94875283833263679, 0.94965987005471642, 0.94217687182956267, 0.95215420279643437, 0.94739229446636031, 0.95147392593003188, 0.95351474571660533, 0.95623583426010583, 0.95147392998476954, 0.95192744293991405, 0.95827664864036233, 0.95079365041520858, 0.94920634871978071]

(92.6)
[0.95147392863319036, 0.94557823859104495, 0.95124716580319568, 0.95215419847138072, 0.9494331088466168, 0.95102041297488737, 0.94943311154977539, 0.95714286260323733, 0.95192744158833476, 0.95192744023675546, 0.94784580985434741, 0.95374150557312565, 0.94897959832431511, 0.95215420009327578, 0.95396825975301314, 0.95056689974942721, 0.95442177946605378, 0.95487528836646052, 0.9555555628000203, 0.95646258695325614, 0.95056689664079486, 0.94512472401400538, 0.95147392728161106, 0.95170068281307785, 0.95487528998835558, 0.95555555874528253, 0.9510204102717289, 0.94965986843282135, 0.9528344753377832, 0.94875284008968985, 0.95102041162330819, 0.95827664972162574, 0.95034014394764454, 0.95056690137132227, 0.95600907710674399, 0.94965986735155794, 0.95102041432646667, 0.95079365311836705, 0.95714286152197392, 0.95351474679786874]

# v2_3: extend v2_2: apply 3x3 filter

[0.86371882486235263, 0.9013605463802139, 0.92607709772192159, 0.93106576415146292, 0.93990930137720774, 0.94580499304124832, 0.94444444579602371, 0.9530612283012494, 0.94920635304483425, 0.95873016267677014, 0.95668934289019669, 0.94331066002921449, 0.95782313676648134, 0.95759637718027679, 0.96213152403193536, 0.96031746139872376, 0.96349206695210632, 0.96485261284575174, 0.96281179441075748, 0.95895691699181551, 0.95578231860180285, 0.95691610274671701, 0.95419501285163721, 0.96122449258017162, 0.96394557855567153, 0.95918367428033535, 0.96462585407049473, 0.96054421990366479, 0.95963719129021752, 0.96099773556196766, 0.96530613093689721, 0.96666667115390981, 0.96780045827229821, 0.96099774096828472, 0.96870748850764066, 0.96712018546063339, 0.97097506274441747, 0.9655328840355214, 0.96553288268394211, 0.96893424539068662]
[0.96984126859781694, 0.96734694288431111, 0.96553288268394211, 0.96507936702563923, 0.95941043278527638, 0.96734694396557452, 0.96462585812523249, 0.96145125149058652, 0.96712018546063339, 0.96485261392701505, 0.9668934337135886, 0.96757369963219919, 0.97165533123102854, 0.96462585407049473, 0.96598639590940238, 0.96961452077035193, 0.97460317584662748, 0.96371882816020593, 0.96394557990725083, 0.96213152700540971, 0.96439909962029147, 0.97165533217713407, 0.96757370247051555, 0.96553288565741646, 0.96371882816020593, 0.9682539701461792, 0.96689342682053447, 0.96666667034296216, 0.97052154803222002, 0.9666666723703311, 0.9705215493837992, 0.96507937067490313, 0.9655328852519427, 0.964399096781975, 0.9678004547581921, 0.97301587550277879, 0.9786848151494586, 0.97278911970099624, 0.96938776104898949, 0.97278912240415472]

(95.6%)
[0.97414966383758861, 0.96848072959722575, 0.96371882707894252, 0.96190476606762598, 0.96712018140589573, 0.96984127481508142, 0.96689342830727165, 0.95782313406332276, 0.97029478722959417, 0.97188209095239098, 0.96802721393892288, 0.97414966356727273, 0.9666666687210671, 0.96666667101875181, 0.97596372106448326, 0.96893424660710792, 0.97074830261758127, 0.97074830126600198, 0.96825397555249615, 0.96848072973238364, 0.96848072973238364, 0.97052154843769378, 0.97142857434798258, 0.96848073000269952, 0.97097506517726007, 0.96621315779329153, 0.96734694288431111, 0.97006803142781162, 0.97052154411264013, 0.96870748850764066, 0.97120181827588414, 0.96984127400413389, 0.97233560296142996, 0.96734694126241605, 0.9657596452436209, 0.97188208960081179, 0.96349206830368561, 0.9725623625476344, 0.96643991535212714, 0.96893424525552863]
[0.85555555679900841, 0.91451247073625486, 0.9170068048295521, 0.94036281595424731, 0.94036281595424731, 0.95147392863319036, 0.94489796577938023, 0.95328798586008501, 0.95351474166186756, 0.960317464372198, 0.96167800837363249, 0.96054422558029762, 0.95895692145202704, 0.96235828145561308, 0.96122449163406609, 0.95963719291211258, 0.96281179441075748, 0.96485261149417245, 0.96099773556196766, 0.96689342722600824, 0.95260771304842029, 0.96598639861256086, 0.96077097867892169, 0.96439909718744876, 0.9619047657973101, 0.9630385542672778, 0.97074830518558186, 0.96598640266729863, 0.96099773583228354, 0.96643991400054796, 0.96485261257543586, 0.96825397420091697, 0.97052154438295601, 0.96643991427086373, 0.97188208865470627, 0.9623582811852972, 0.97006803237391703, 0.97210884445648882, 0.9655328840355214, 0.97188208973596968]
[0.92879818761700139, 0.94444444444444442, 0.94512471752642502, 0.95034013989290678, 0.95510204281666378, 0.95034014110932818, 0.95827664458562456, 0.96349206181610525, 0.95578231725022367, 0.95215419441664295, 0.95736961975659918, 0.95714286152197392, 0.95555555982654594, 0.96371882302420475, 0.97006802872465314, 0.96122449028248691, 0.96530612688215955, 0.96394558152914589, 0.96848073270585799, 0.9612244927153295, 0.95918367563191453, 0.959637193858218, 0.9648526085206981, 0.95850340268509193, 0.96326530831200741, 0.96507937135069277, 0.97074830532073975, 0.96394558288072507, 0.96916100551752271, 0.96666667142422558]
[0.96371882397031028, 0.97120181854620002, 0.97460317827947018, 0.9598639527686329, 0.96326530736590188, 0.9693877596974102, 0.97006803007623232, 0.97210884715964729, 0.97029478695927829, 0.96757369841577789, 0.97029478722959417, 0.95850340403667111, 0.96575964145919901, 0.96575964118888313, 0.9605442197685069, 0.9662131581987653, 0.96780045692071892, 0.96643991291928455, 0.96780045921840363, 0.97029478993275264, 0.9705215481673779, 0.96712018978568703, 0.96916099713773141, 0.96870748715606136, 0.97006802872465314, 0.96371882410546816, 0.97165533109587066, 0.97142857569956187, 0.96553288295425799, 0.96689342587442895]
[0.96689342992916671, 0.9675736970641986, 0.96848073135427881, 0.96643991291928455, 0.97233560296142996, 0.96984127522055519, 0.97641723847983919, 0.9736961510176021, 0.97210884688933152, 0.9707482999144228, 0.96734694396557452, 0.96802721393892288, 0.97029478695927829, 0.97142857407766681, 0.96780045692071892]
[]
[0.88049886934881583]
[0.86349206770899078]
[0.9122449019057951]
[0.94195012008251788, 0.95351474031028838, 0.95102041567804596, 0.9537415001668087, 0.95918367455065112, 0.95510204443855895, 0.95668934721525023, 0.95283447155336132, 0.96077097597576322, 0.9612244927153295]
[0.95306122735514387]
[0.91655329187440759, 0.9267573718851656, 0.93696145459908209, 0.93650794299551687, 0.95396825596859125, 0.95260771304842029, 0.95782313298205946, 0.95555556009686182, 0.94920635169325507, 0.9619047657973101, 0.95442177297847341, 0.95895692010044786, 0.95714286017039463, 0.96870748850764066, 0.96961451576950874, 0.97052154843769378, 0.96848072865112023, 0.95941043711032992, 0.96825397284933767, 0.97097505963578512, 0.97414966559464156, 0.95714286125165804, 0.9743764227480034, 0.97505669285650964, 0.96689342722600824, 0.96802721434439665, 0.97074830288789715, 0.97482993435156862, 0.96167800567047401, 0.9693877586161469]
[0.97074830288789715, 0.97301587847625315, 0.96780046259735175, 0.97324263427803581, 0.9696145198242464, 0.9666666687210671, 0.97301587550277879, 0.96984127292287048, 0.97120181854620002, 0.97777778112969427, 0.97188209135786474, 0.97891156851839856, 0.97709750723676614, 0.97256236146637098, 0.97324263562961499]
[0.9736961496660228, 0.96848072865112023, 0.97528344865829231, 0.97097506004125889, 0.96961451712108793, 0.97256236106089722, 0.97142857569956187, 0.97551020851481263, 0.97460317990136525, 0.97369614858475939]
[0.83877551150159768, 0.90770975478382065, 0.91950113892284924, 0.93786848186095018, 0.94625850707765613, 0.94988662315334049, 0.95487528863677629, 0.95260771575157877, 0.95668934451209175, 0.96213152565383042]
0.81, 0.89, 0.92, 0.94, 0.94, 0.94, 0.95, 0.95, 0.96, 0.96
v4 0.9524, 0.9551, 0.9535, 0.9667, 0.9621, 0.9728, 0.9698, 0.9685, 0.9667, 0.9660
v4 0.9723, 0.9721, 0.9687, 0.9707, 0.9744, 0.9714, 0.9794, 0.9692, 0.9748, 0.9732

v4 0.8224, 0.9039, 0.9222, 0.9424, 0.9406, 0.9497, 0.9592, 0.9608, 0.9526, 0.9630
v4 0.8227, 0.8916, 0.9277, 0.9383, 0.9531, 0.9576, 0.9546, 0.9637, 0.9669, 0.9687, 0.9578, 0.9612, 0.9741, 0.9712, 0.9714, 0.9617, 0.9683, 0.9680, 0.9676, 0.9673
v4 0.9744, 0.9712, 0.9712, 0.9719, 0.9678, 0.9735, 0.9694, 0.9757, 0.9737, 0.9685, 0.9785, 0.9803, 0.9719, 0.9757, 0.9789, 0.9744, 0.9789, 0.9791, 0.9760, 0.9753
v4 0.9701, 0.9830, 0.9746, 0.9764, 0.9764, 0.9812, 0.9812, 0.9771, 0.9816, 0.9776, 0.9760, 0.9794, 0.9812, 0.9819, 0.9782, 0.9748, 0.9812, 0.9746, 0.9782, 0.9764, 0.9717, 0.9787, 0.9816, 0.9737, 0.9791, 0.9821, 0.9791, 0.9780, 0.9841, 0.9789, 0.9844, 0.9794, 0.9751, 0.9814, 0.9755, 0.9810, 0.9798, 0.9778, 0.9785, 0.9794
v4 0.8372, 0.9100, 0.9320, 0.9365, 0.9454, 0.9420, 0.9542, 0.9587, 0.9610, 0.9660, 0.9644, 0.9667, 0.9676, 0.9662, 0.9744, 0.9710, 0.9710, 0.9748, 0.9655, 0.9714
v4 0.9782, 0.9762, 0.9771, 0.9705, 0.9741, 0.9794, 0.9671, 0.9653, 0.9728, 0.9696, 0.9744, 0.9705, 0.9730, 0.9683, 0.9764, 0.9707, 0.9744, 0.9628, 0.9755, 0.9800
v4 0.9717, 0.9778, 0.9764, 0.9766, 0.9744, 0.9769, 0.9794, 0.9794, 0.9769, 0.9741, 0.9789, 0.9703, 0.9748, 0.9796, 0.9726, 0.9769, 0.9719, 0.9778, 0.9825, 0.9751
v4 0.9712, 0.9794, 0.9764, 0.9766, 0.9798, 0.9787, 0.9723, 0.9766, 0.9785, 0.9760, 0.9739, 0.9789, 0.9787, 0.9771, 0.9757, 0.9782, 0.9741, 0.9732, 0.9776, 0.9757
v4 0.9760, 0.9737, 0.9771, 0.9785, 0.9771, 0.9719, 0.9744, 0.9728, 0.9721, 0.9748, 0.9773, 0.9719, 0.9744, 0.9789, 0.9766, 0.9780, 0.9728, 0.9785, 0.9803, 0.9723
v4 0.9771, 0.9739, 0.9785, 0.9757, 0.9757, 0.9712, 0.9766, 0.9762, 0.9782, 0.9773, 0.9828, 0.9825, 0.9748, 0.9782, 0.9771, 0.9757, 0.9816, 0.9739, 0.9741, 0.9803
